11111111111111111111111111111111111111111111111111111111111111111111111111111111
11111000000000000000000000000000000000000000000000111111111000000000000000100001
10000001000000000000000000000000000000000000000000111111111000000000000000101301
10000001000000000000000000000000000000000111111100000000000001111111111100101101
10011111111100111111111000000000000000000111111100000000000001000000000000101101
10011103011100111111111000022222220000000111111111111111111001000000000000101101
10011100011100000110000002222222222000000111111111111111111001000000000100101101
10000000000000000110000000022222222200000110000000000000000001000000000100101101
10000000000000000000000000022222222200000110000000000000000001000000000100101101
11111000000000000000000002222222222000000110011001111111111111001111111100101101
11111000200000000110000000022222220000000110011000000000000000000000000000101101
11100000022200000110000000000000000010000110011000000000000000000000000000101101
11100020022220000000000000000000000110000110011001111111111111111111111100100001
11100002222222000000000000022222220000000110011000000000000000000000000100100001
11100002222222200000000002222222222000000110011000000000000000000000000100111001
11100002222222200000000000022222222200000110011001111111111111111111000100111001
11100000222222200000000000022222222200000110011001111111111111111111000100111001
11100000022222200000000002222222222000000110011001130001111111111111000100111001
11100000002222000000000000022222220000000110011001100000000000000000000100111001
11110100000000000000000000000000000011000110011001100000000000000000000100111001
10000000000000000000000000000000000011000110011001111111111111111111000100111001
11000000000111111100100000022222220000000110011001111111111111111111000100111001
11000000000100000100100002222222222000000110011000000000000000000000000100111001
11000000000100300100100000022222222200000110011000000000000000000000000100111001
11000000000100000100100000022222222200000110011001111111111111111111111100111001
11000000000100000100100002222222222000000110011000000000000000000000000000111001
11000000000100000100100000022222220000000110000001111111111111111111111111111101
11000000000111011100100000000000000000000110000001111111111111111111111111111101
11000000000100000000100000010110000000000000011001111111111111111111111111111101
10000000000100000000100000000110000000000000011000000000000000000000000000000001
11110100000111111111100000000111111111111111111111111111111111111111111111111111
10000100000000000000000000000111111111111111111111111111111111111111111111111111
10110100000000000000000000000000000000000000000000000011111110000000000000010001
10110100101010101010101010000111111111100101010101010011111110011111101111010101
11111101111111111111111111000111111111100000000000000011111110000000001000010101
11111100000000000000000000000111111111100111111111110011111110000110001001110101
11111110100101001010010101000111111111100111111111110011111110011111101001300101
11111110100101001010010101100111111111100111111111110011111110011111101001111101
11111100000000000000000001000000000000000000000000000000000000011111101000000001
11111111111111111111111111111111111111111111111111111111111111111111111111111111
10TREASURE000010PLAYER0X00000Y000010WEAPON00000000010LEVEL00010TIME0000001000001
11111111111111111111111111111111111111111111111111111111111111111111111111111111
10FIRE0BOW0-0W0UP0-0D0RIGHT0-0S0DOWN0-0A0LEFT010INFO0POSITION0PRESS00BACKSPACE01
11111111111111111111111111111111111111111111111111111111111111111111111111111111
111111111100USE0YOUR0ARROW0KEYS0LEFT0RIGHT0UP0DOWN0TO0MOVE0AROUND0MAP01111111111
11111111111111111111111111111111111111111111111111111111111111111111111111111111
10COLLECT0ALL0THE0MEDICAL0SUPPLIES0-0YOUR0CAMP0IS0RELYING0ON0YOU0-0DO0NOT0FAIL01
11111111111111111111111111111111111111111111111111111111111111111111111111111111
111111111110AVOID0THE0ZOMBIES0BY0WALKING0AROUND0THEM0-0ONE0TOUCH0DEAD01111111111
11111111111111111111111111111111111111111111111111111111111111111111111111111111