11111111111111111111111111111111111111111111111111111111111111111111111111111111
10000000000000000000000000000000000000000000000000000000000000000000000000000001
10000000000000000000000000000000000000000000000000000000000000000000000000000001
10011100111001110011100111001110011100111001110011100001111111110001111111110001
10011100111001110011100111001110011100111001110011100001111111110001111111110001
10011100111001110011100111001110011100111001110011100001111111110001111111110001
10000000000000000000000000000000000000000000000000000001111111110001111111110001
10000000000000000000000000000000000000000000000000000001111111110001111111110001
10000000000000000000000000000000000000000000000000000001111111110001111111110001
10000000000000000000000000000000000000000000000000000001111111110001111111110001
10000000000000000000000000000000000000000000000000000001111111110001111111110001
10000000000000000000000000000000000000000000000000000001111111110001111111110001
10000000000000000000000000000000000000000000000000000000000000000000000000000001
10000000000000000000000000000000000000000000000000000000000000000000000000000001
10000000000000000000000000000000000000000000000000000000000000000000000000000001
10000000000000000000000000000000000000000000000000000000000000000000000000000001
10000000000000000000000000000000000000000000000000000000000000000000000000000001
10000000000000000000000000000000000000000000000000000000000000000000000000000001
10011100111001110011100111001110011100111001110011100001111111110001111111110001
10011100111001110011100111001110011100111001110011100001111111110001111111110001
10011100111001110011100111001110011100111001110011100001111111110001111111110001
10011100111001110011100111001110011100111001110011100001111111110001111111110001
10011100111001110011100111001110011100111001110011100001111111110001111111110001
10000000000000000000000000000000000000000000000000000000000000000000000000000001
10000000000000000000000000000000000000000000000000000000000000000000000000000001
10000000000000000000000000000000000000000000000000000000000000000000000000000001
10000000000000000000000000000000000000000000000000000000000000000000000000000001
10000000000000000000000000000000000000000000000000000000000000000000000000000001
10000000000000000000000000000000000000000000000000000001111111110001111111110001
10000000000000000000000000000000000000000000000000000001111111110001111111110001
10000000000000000000000000000000000000000000000000000001111111110001111111110001
10000000000000000000000000000000000000000000000000000001111111110001111111110001
10000000000000000000000000000000000000000000000000000001111111110001111111110001
10000000000000000000000000000000000000000000000000000001111111110001111111110001
10011100111001110011100111001110011100111001110011100001111111110001111111110001
10011100111001110011100111001110011100111001110011100001111111110001111111110001
10011100111001110011100111001110011100111001110011100001111111110001111111110001
10000000000000000000000000000000000000000000000000000000000000000000000000000001
10000000000000000000000000000000000000000000000000000000000000000000000000000001
11111111111111111111111111111111111111111111111111111111111111111111111111111111
10TREASURE000010PLAYER0X00000Y000010WEAPON00000000010LEVEL00010TIME0000001000001
11111111111111111111111111111111111111111111111111111111111111111111111111111111
10FIRE0BOW0-0W0UP0-0D0RIGHT0-0S0DOWN0-0A0LEFT0110INF0POSITION0PRESS00BACKSPACE01
11111111111111111111111111111111111111111111111111111111111111111111111111111111
111111111100USE0YOUR0ARROW0KEYS0LEFT0RIGHT0UP0DOWN0TO0MOVE0AROUND0MAP01111111111
11111111111111111111111111111111111111111111111111111111111111111111111111111111
10COLLECT0ALL0THE0MEDICAL0SUPPLIES0-0YOUR0CAMP0IS0RELYING0ON0YOU0-0DO0NOT0FAIL01
11111111111111111111111111111111111111111111111111111111111111111111111111111111
111111111110AVOID0THE0ZOMBIES0BY0WALKING0AROUND0THEM0-0ONE0TOUCH0DEAD01111111111
11111111111111111111111111111111111111111111111111111111111111111111111111111111