11111111111111111111111111111111111111111111111111111111111111111111111111111111
10000000000000000000000000000000000000000000000000000000000000000000000000000001
10000000000000000000000000000000000000000000000000000000000000000000000000000001
10000000010011110011111100110011111110000000000000000000000000000000000000000001
10000000010012220022222100110011100000000000000000000000000000000000000000000001
10000000010000000000000000000000000000000000000000000000000000000000000000000001
10000000010000000000000000000000000000000000001111111111111111111111111111111001
10000001110012220022222100110011100000000000000000000000000000001000100010001001
10000000000011110011111100110011111110000000000000000000000000000000000000000001
10000000000000000000000000110011111110000000000000000000000000000000000000000001
10000000000000000000000000110000000010000000001111111111111110022200220022002001
10000001111111110011111111110000000010000000000000000000000010022200220022002001
10000000000000000000000000000000000011000011000000000000000010022200220022002001
10000000000000000000000000000000000011000011000000000000000000000000000000000001
10000000000000000000000000000000000010000000000000000000000000000000000000000001
10000000000000000000000000000000000010000000001111111111110010022200220022002001
10000000111111110011111111111111000000000000000000000000000010022200220022002001
10000000100000000000000000000001000000000000000000000000000010000000000000000001
10000000100000000000000000000001000010000000001111110011111110000000000000000001
10000000100100110011001100110011000010000000001111110011111110000000000000000001
10000000100100220022002200220000000010000000001111110011111110011111111111111001
10000000100100220022002200220000000011110011001111110011111110000000000000000001
10000000100100000000000000000001000011110011001222220022222210000000000000000001
10000000100100000000000000000001000010000000000000000000000000000000000000000001
10000000100100220022002200220000000000000000000000000000000000011111111111111001
10000000000000220022002200220000000000000000000000000000000000000000000000000001
10000000000000000000000000000001000010000000001200000000000210000000000000000001
10000000100100000000000000000001000010000000001200000000000210000000000000000001
10000000100111111111001111110001000010000000001222220022222210011111111111111001
10000000100111111111001111110001000010000000001111110011111110000000000000000001
10000000100111111111001111110001000011110011001111110011111110000000000000000001
10000000100000000000000000000001000011110011001111110011111110000000000000000001
10000000100000000000000000000001000010000000001111110011111110011111111111111001
10000000111111111111111111111111000010000000000000000000000000000000000000000001
10000000000000000000000000000000000000000000000000000000000000000000000000000001
10000000000000000000000000000000000000000000001111111111111111111111111111111001
10111111001111111111111111100111111010000000000000000000000000000000000000000001
10000000000000000000000000000000000010000000000000000000000000000000000000000001
10000000000000000000000000000000000010000000000001111111111111111111111111111111
11111111111111111111111111111111111111111111111111111111111111111111111111111111
10TREASURE000010PLAYER0X00000Y000010WEAPON00000000010LEVEL00010TIME0000001000001
11111111111111111111111111111111111111111111111111111111111111111111111111111111
10FIRE0BOW0-0W0UP0-0D0RIGHT0-0S0DOWN0-0A0LEFT0110INF0POSITION0PRESS00BACKSPACE01
11111111111111111111111111111111111111111111111111111111111111111111111111111111
111111111100USE0YOUR0ARROW0KEYS0LEFT0RIGHT0UP0DOWN0TO0MOVE0AROUND0MAP01111111111
11111111111111111111111111111111111111111111111111111111111111111111111111111111
10COLLECT0ALL0THE0MEDICAL0SUPPLIES0-0YOUR0CAMP0IS0RELYING0ON0YOU0-0DO0NOT0FAIL01
11111111111111111111111111111111111111111111111111111111111111111111111111111111
111111111110AVOID0THE0ZOMBIES0BY0WALKING0AROUND0THEM0-0ONE0TOUCH0DEAD01111111111
11111111111111111111111111111111111111111111111111111111111111111111111111111111