00000000000000000000000000000000000000000000000000000000000000000000000000000000
00000000000000000000000000000000000000000000000000000000000000000000000000000000
00000000000000000000000000000000000000000000000000000000000000000000000000000000
00000000000000000000000000000000000000000000000000000000000000000000000000000000
00000000000000000000000000000000000000000000000000000000000000000000000000000000
00000000000000000000000000000000000000000000000000000000000000000000000000000000
00000000000000000000000000000000000000000000000000000000000000000000000000000000
00000000000000000000000000000000000000000000000000000000000000000000000000000000
00000000000000000010000000100111111111001000000000010000000000000000000000000000
00000000000000000010000000100100000000001000000000010000000000000000000000000000
00000000000000000010000000100100000000001000000000010000000000000000000000000000
00000000000000000010000000100100000000001000000000010000000000000000000000000000
00000000000000000010000000100100000000001000000000010000000000000000000000000000
00000000000000000010000000100111110000001000000000010000000000000000000000000000
00000000000000000010001000100100000000001000000000010000000000000000000000000000
00000000000000000010001000100100000000001000000000010000000000000000000000000000
00000000000000000010001000100100000000001000000000010000000000000000000000000000
00000000000000000010001000100100000000001000000000010000000000000000000000000000
00000000000000000011111111100111111111001111111110011111111100000000000000000000
00000000000000000000000000000000000000000000000000000000000000000000000000000000
00000000000000000000000000000000000000000000000000000000000000000000000000000000
00000000000000000011111111000111111111001000000010011111111100000000000000000000
00000000000000000010000000100100000001001100000010010000000000000000000000000000
00000000000000000010000000100100000001001010000010010000000000000000000000000000
00000000000000000010000000100100000001001001000010010000000000000000000000000000
00000000000000000010000000100100000001001000100010010000000000000000000000000000
00000000000000000010000000100100000001001000100010011111000000000000000000000000
00000000000000000010000000100100000001001000010010010000000000000000000000000000
00000000000000000010000000100100000001001000010010010000000000000000000000000000
00000000000000000010000000100100000001001000001010010000000000000000000000000000
00000000000000000010000000100100000001001000000110010000000000000000000000000000
00000000000000000011111111000111111111001000000010011111111100000000000000000000
00000000000000000000000000000000000000000000000000000000000000000000000000000000
00000000000000000000000000000000000000000000000000000000000000000000000000000000
00000000000000000000000000000000000000000000000000000000000000000000000000000000
00000000000000000000000000000000000000000000000000000000000000000000000000000000
00000000000000000000000000000000000000000000000000000000000000000000000000000000
00000000000000000000000000000000000000000000000000000000000000000000000000000000
00000000000000000000000000000000000000000000000000000000000000000000000000000000
00000000000000000000000000000000000000000000000000000000000000000000000000000000