11111111111111111111111111111111111111111111111111111111111111111111111111111111
10000000000000000000000000000000000000000000000000000000000000000000000000000001
10000000000000000000000000000000000000000000000000000000000000000000000000000001
10000000000000000000000000000000000000000000000000000000000000000000000000000001
10000000000000000000000000000000000000000000000000000000000000000000000000000001
10000000000000000000000000000000000000000000000000000000000000000000000000000001
10000000000000000000000000000000000000000000000000000000000000000000000000000001
10000000000000000000000000000000000000000000000000000000000000000000000000000001
10000000000000000011111111100111111111001111111110011111111100000000000000000001
10000000000000000010000000100100000001001000100010010000000000000000000000000001
10000000000000000010000000100100000001001000100010010000000000000000000000000001
10000000000000000010000000100100000001001000100010010000000000000000000000000001
10000000000000000010000000000100000001001000100010010000000000000000000000000001
10000000000000000010001111100111111111001000100010011111100000000000000000000001
10000000000000000010000000100100000001001000000010010000000000000000000000000001
10000000000000000010000000100100000001001000000010010000000000000000000000000001
10000000000000000010000000100100000001001000000010010000000000000000000000000001
10000000000000000010000000100100000001001000000010010000000000000000000000000001
10000000000000000011111111100100000001001000000010011111111100000000000000000001
10000000000000000000000000000000000000000000000000000000000000000000000000000001
10000000000000000000000000000000000000000000000000000000000000000000000000000001
10000000000000000011111111100100000001001111111110011111111100000000000000000001
10000000000000000010000000100100000001001000000000010000000100000000000000000001
10000000000000000010000000100100000001001000000000010000000100000000000000000001
10000000000000000010000000100100000001001000000000010000000100000000000000000001
10000000000000000010000000100100000001001000000000010000000100000000000000000001
10000000000000000010000000100100000001001111110000011111111100000000000000000001
10000000000000000010000000100100000001001000000000010000100000000000000000000001
10000000000000000010000000100100000001001000000000010000010000000000000000000001
10000000000000000010000000100100000001001000000000010000001000000000000000000001
10000000000000000010000000100100000001001000000000010000000100000000000000000001
10000000000000000011111111100111111111001111111110010000000100000000000000000001
10000000000000000000000000000000000000000000000000000000000000000000000000000001
10000000000000000000000000000000000000000000000000000000000000000000000000000001
10000000000000000000000000000000000000000000000000000000000000000000000000000001
10000000000000000000000000000000000000000000000000000000000000000000000000000001
10000000000000000000000000000000000000000000000000000000000000000000000000000001
10000000000000000000000000000000000000000000000000000000000000000000000000000001
10000000000000000000000000000000000000000000000000000000000000000000000000000001
11111111111111111111111111111111111111111111111111111111111111111111111111111111